v -0.424000 0.380000 0.000000 0.000000 0.000000 0.000000
v -0.464000 0.416000 0.000000 0.000000 0.000000 0.000000
v -0.416000 0.448000 0.000000 0.000000 0.000000 0.000000
v -0.424000 0.380000 0.000000 0.000000 0.000000 0.000000
v -0.416000 0.448000 0.000000 0.000000 0.000000 0.000000
v -0.384000 0.408000 0.000000 0.000000 0.000000 0.000000
v -0.424000 0.380000 0.000000 0.000000 0.000000 0.000000
v -0.384000 0.408000 0.000000 0.000000 0.000000 0.000000
v -0.376000 0.368000 0.000000 0.000000 0.000000 0.000000
v -0.424000 0.380000 0.000000 0.000000 0.000000 0.000000
v -0.376000 0.368000 0.000000 0.000000 0.000000 0.000000
v -0.404000 0.332000 0.000000 0.000000 0.000000 0.000000
v -0.424000 0.380000 0.000000 0.000000 0.000000 0.000000
v -0.404000 0.332000 0.000000 0.000000 0.000000 0.000000
v -0.452000 0.332000 0.000000 0.000000 0.000000 0.000000
v -0.424000 0.380000 0.000000 0.000000 0.000000 0.000000
v -0.452000 0.332000 0.000000 0.000000 0.000000 0.000000
v -0.488000 0.368000 0.000000 0.000000 0.000000 0.000000
v -0.424000 0.380000 0.000000 0.000000 0.000000 0.000000
v -0.488000 0.368000 0.000000 0.000000 0.000000 0.000000
v -0.464000 0.416000 0.000000 0.000000 0.000000 0.000000
v -0.488000 0.368000 0.000000 51.000000 25.000000 0.000000
v -0.668000 0.344000 0.000000 51.000000 25.000000 0.000000
v -0.624000 0.516000 0.000000 51.000000 25.000000 0.000000
v -0.488000 0.368000 0.000000 51.000000 25.000000 0.000000
v -0.624000 0.516000 0.000000 51.000000 25.000000 0.000000
v -0.464000 0.416000 0.000000 51.000000 25.000000 0.000000
v -0.464000 0.416000 0.000000 51.000000 25.000000 0.000000
v -0.624000 0.516000 0.000000 51.000000 25.000000 0.000000
v -0.480000 0.584000 0.000000 51.000000 25.000000 0.000000
v -0.464000 0.416000 0.000000 51.000000 25.000000 0.000000
v -0.480000 0.584000 0.000000 51.000000 25.000000 0.000000
v -0.416000 0.448000 0.000000 51.000000 25.000000 0.000000
v -0.416000 0.448000 0.000000 51.000000 25.000000 0.000000
v -0.480000 0.584000 0.000000 51.000000 25.000000 0.000000
v -0.280000 0.532000 0.000000 51.000000 25.000000 0.000000
v -0.416000 0.448000 0.000000 51.000000 25.000000 0.000000
v -0.280000 0.532000 0.000000 51.000000 25.000000 0.000000
v -0.384000 0.408000 0.000000 51.000000 25.000000 0.000000
v -0.384000 0.408000 0.000000 51.000000 25.000000 0.000000
v -0.280000 0.532000 0.000000 51.000000 25.000000 0.000000
v -0.224000 0.396000 0.000000 51.000000 25.000000 0.000000
v -0.384000 0.408000 0.000000 51.000000 25.000000 0.000000
v -0.376000 0.368000 0.000000 51.000000 25.000000 0.000000
v -0.224000 0.396000 0.000000 51.000000 25.000000 0.000000
v -0.376000 0.368000 0.000000 51.000000 25.000000 0.000000
v -0.224000 0.396000 0.000000 51.000000 25.000000 0.000000
v -0.276000 0.252000 0.000000 51.000000 25.000000 0.000000
v -0.376000 0.368000 0.000000 51.000000 25.000000 0.000000
v -0.276000 0.252000 0.000000 51.000000 25.000000 0.000000
v -0.404000 0.332000 0.000000 51.000000 25.000000 0.000000
v -0.404000 0.332000 0.000000 51.000000 25.000000 0.000000
v -0.276000 0.252000 0.000000 51.000000 25.000000 0.000000
v -0.412000 0.200000 0.000000 51.000000 25.000000 0.000000
v -0.404000 0.332000 0.000000 51.000000 25.000000 0.000000
v -0.412000 0.200000 0.000000 51.000000 25.000000 0.000000
v -0.452000 0.332000 0.000000 51.000000 25.000000 0.000000
v -0.452000 0.332000 0.000000 51.000000 25.000000 0.000000
v -0.412000 0.200000 0.000000 51.000000 25.000000 0.000000
v -0.556000 0.220000 0.000000 51.000000 25.000000 0.000000
v -0.452000 0.332000 0.000000 51.000000 25.000000 0.000000
v -0.556000 0.220000 0.000000 51.000000 25.000000 0.000000
v -0.488000 0.368000 0.000000 51.000000 25.000000 0.000000
v -0.488000 0.368000 0.000000 51.000000 25.000000 0.000000
v -0.556000 0.220000 0.000000 51.000000 25.000000 0.000000
v -0.668000 0.344000 0.000000 51.000000 25.000000 0.000000
v -0.668000 0.344000 0.000000 243.000000 228.000000 89.000000
v -0.940000 0.048000 0.000000 243.000000 228.000000 89.000000
v -0.556000 0.220000 0.000000 243.000000 228.000000 89.000000
v -0.224000 0.396000 0.000000 51.000000 25.000000 0.000000
v 0.028000 0.480000 0.000000 51.000000 25.000000 0.000000
v 0.000000 0.252000 0.000000 51.000000 25.000000 0.000000
v 0.028000 0.480000 0.000000 51.000000 25.000000 0.000000
v 0.264000 0.408000 0.000000 51.000000 25.000000 0.000000
v 0.000000 0.252000 0.000000 51.000000 25.000000 0.000000
v 0.264000 0.408000 0.000000 51.000000 25.000000 0.000000
v 0.436000 0.264000 0.000000 51.000000 25.000000 0.000000
v 0.000000 0.252000 0.000000 51.000000 25.000000 0.000000
v 0.436000 0.264000 0.000000 51.000000 25.000000 0.000000
v 0.376000 0.036000 0.000000 51.000000 25.000000 0.000000
v 0.000000 0.252000 0.000000 51.000000 25.000000 0.000000
v 0.376000 0.036000 0.000000 51.000000 25.000000 0.000000
v 0.152000 -0.056000 0.000000 51.000000 25.000000 0.000000
v 0.000000 0.252000 0.000000 51.000000 25.000000 0.000000
v 0.152000 -0.056000 0.000000 51.000000 25.000000 0.000000
v -0.100000 -0.016000 0.000000 51.000000 25.000000 0.000000
v 0.000000 0.252000 0.000000 51.000000 25.000000 0.000000
v -0.100000 -0.016000 0.000000 51.000000 25.000000 0.000000
v -0.284000 0.092000 0.000000 51.000000 25.000000 0.000000
v 0.000000 0.252000 0.000000 51.000000 25.000000 0.000000
v -0.284000 0.092000 0.000000 51.000000 25.000000 0.000000
v -0.276000 0.252000 0.000000 51.000000 25.000000 0.000000
v 0.000000 0.252000 0.000000 51.000000 25.000000 0.000000
v 0.152000 -0.056000 0.000000 243.000000 228.000000 89.000000
v 0.056000 -0.320000 0.000000 243.000000 228.000000 89.000000
v -0.092000 -0.288000 0.000000 243.000000 228.000000 89.000000
v -0.092000 -0.288000 0.000000 243.000000 228.000000 89.000000
v -0.100000 -0.016000 0.000000 243.000000 228.000000 89.000000
v 0.152000 -0.056000 0.000000 243.000000 228.000000 89.000000
v 0.152000 -0.056000 0.000000 243.000000 228.000000 89.000000
v 0.348000 -0.260000 0.000000 243.000000 228.000000 89.000000
v 0.464000 -0.184000 0.000000 243.000000 228.000000 89.000000
v 0.464000 -0.184000 0.000000 243.000000 228.000000 89.000000
v 0.152000 -0.056000 0.000000 243.000000 228.000000 89.000000
v 0.376000 0.036000 0.000000 243.000000 228.000000 89.000000
