imsize 1024 1024

// eye 0 -5 15
// eye 10 -5 10
eye 10 0 10

// viewdir 0 0.3 -1
// viewdir -1 0.5 -1
viewdir -1 0 -1

hfov 90
updir 0 1 0
bkgcolor 0.031 0.011 0.188

threadcount 8
// 8 is ideal for csel-kh1262-13

// major coordinate axes

// mtlcolor 1 0 0 
// cylinder 1000 0 0 -1 0 0 .1 1000
// 
// mtlcolor 0 1 0 
// cylinder 0 1000 0 0 -1 0 .1 1000
// 
// mtlcolor 0 0 1 
// cylinder 0 0 1000 0 0 -1 .1 1000

mtlcolor 0.219 0.164 0.019
sphere 0 0 0 4
sphere -6 -2 0 6
cylinder -8 -3 -2  0 -1 .1  1  5
cylinder -8 -3  2  0 -1 .1  1  5

mtlcolor 0.01 0.01 0.01
sphere 3 1.7 1.5 1
sphere 3 1.7 -1.5 1

// after this make yellow cylinders

mtlcolor 0.988 0.819 0.349
cylinder -8 -8 -2.5  0 -1 .1  1  2
cylinder -8 -8  2.5  0 -1 .1  1  2
sphere -8.3 -10 2.6 1
sphere -8.3 -10 -2.5 1

cylinder 4 0 0 1 -0.1 0 0.5 3

// the ground he's standing on

mtlcolor 0.168 0.352 0.168
sphere 0 -1011 0 1000

// moon

mtlcolor 0.886 0.882 0.792
sphere -80 100 -220 10

mtlcolor 0.031 0.011 0.188
sphere -80 100 -210 9

// after this is all the spheres generated-242.154678 113.667061 -225.700928 10.000000
mtlcolor 1 1 1
sphere -200.759506 495.432007 -272.475250 1.000000
sphere -408.933685 -179.253723 400.800934 1.000000
sphere 407.809937 -281.956604 337.922424 1.000000
sphere -356.163788 381.210938 -296.353851 1.000000
sphere 358.790741 -478.603790 -46.985363 1.000000
sphere -107.288948 -466.369995 -361.922791 1.000000
sphere 203.218628 -564.052246 23.393501 1.000000
sphere 427.564941 241.575134 -344.716827 1.000000
sphere 209.086075 535.054749 173.203552 1.000000
sphere 267.696228 -2.645950 536.965271 1.000000
sphere -454.650208 -150.179672 -361.578918 1.000000
sphere 266.170685 -325.887360 -427.727295 1.000000
sphere 515.584167 -28.438515 305.555573 1.000000
sphere -239.103699 -494.908508 -240.613617 1.000000
sphere 478.159760 -129.591568 338.480835 1.000000
sphere 516.325195 -281.669250 -118.620186 1.000000
sphere 86.871574 -63.106861 -590.314209 1.000000
sphere 129.993713 290.353241 -508.720642 1.000000
sphere -177.359039 563.731262 103.686188 1.000000
sphere 25.977875 593.821533 81.860443 1.000000
sphere 551.498779 -67.967285 -226.339355 1.000000
sphere -161.923660 289.639313 -499.889832 1.000000
sphere 340.986633 -217.885010 -443.005951 1.000000
sphere -346.347168 -488.228668 40.943752 1.000000
sphere 585.747742 -91.234077 -92.606316 1.000000
sphere -351.369812 357.975128 -329.231049 1.000000
sphere -363.884613 357.847992 -315.488190 1.000000
sphere 205.156113 544.001099 -148.235703 1.000000
sphere -234.658737 453.846527 314.576843 1.000000
sphere -132.739014 436.157928 -390.059753 1.000000
sphere -48.623363 -459.473846 -382.778778 1.000000
sphere -181.208237 563.613098 -97.487556 1.000000
sphere 441.813568 -205.399017 -350.159912 1.000000
sphere -99.656860 540.094299 241.591888 1.000000
sphere -170.472015 -273.699432 505.992004 1.000000
sphere -124.310707 -375.133179 451.466431 1.000000
sphere -439.662445 324.842590 -247.334290 1.000000
sphere 313.846161 456.321991 230.804642 1.000000
sphere 202.675522 298.539337 -479.371338 1.000000
sphere 544.130615 221.580154 -121.754326 1.000000
sphere 118.692139 145.041977 569.978088 1.000000
sphere -577.969849 -36.794014 -156.834442 1.000000
sphere -340.589294 413.588287 -270.080841 1.000000
sphere 420.747406 335.718597 265.074860 1.000000
sphere -493.111725 290.058838 180.849854 1.000000
sphere -445.487122 208.688232 -343.497406 1.000000
sphere 315.372162 -489.923492 143.231857 1.000000
sphere -61.868431 65.133575 -593.236816 1.000000
sphere 293.723206 400.156799 -337.047791 1.000000
sphere -367.531311 -472.136536 -44.809540 1.000000
sphere -488.060638 -325.243927 126.543335 1.000000
sphere 160.439880 -570.615662 93.041725 1.000000
sphere 82.309395 240.965561 543.286987 1.000000
sphere -206.574982 -488.799683 -280.002899 1.000000
sphere 187.578476 569.924866 -0.023221 1.000000
sphere 464.695740 -250.269135 285.347565 1.000000
sphere -9.411999 231.162888 -553.601990 1.000000
sphere 410.668762 23.628799 -436.798462 1.000000
sphere -514.755615 228.628067 206.774796 1.000000
sphere 534.267334 -118.632019 -245.936676 1.000000
sphere 302.861206 -377.434326 -354.708954 1.000000
sphere 485.771179 -335.541962 106.948425 1.000000
sphere -461.783997 -238.874115 299.490692 1.000000
sphere -10.586836 -576.274109 -166.721497 1.000000
sphere -336.202301 -494.710236 47.220570 1.000000
sphere -485.900238 -321.293976 -143.774628 1.000000
sphere -358.317688 -477.731262 -58.148773 1.000000
sphere -560.386108 -211.376007 -35.882607 1.000000
sphere -322.072296 480.767731 158.530258 1.000000
sphere -469.676697 -306.834198 212.736008 1.000000
sphere -370.664642 262.469391 -392.068298 1.000000
sphere 279.162750 -364.741486 386.046417 1.000000
sphere 482.498016 339.632965 108.835220 1.000000
sphere -397.750610 242.444061 -378.173615 1.000000
sphere -520.081116 -30.328470 297.650513 1.000000
sphere -499.164215 -308.731445 124.579102 1.000000
sphere 452.163696 -390.763794 -53.400249 1.000000
sphere 464.223358 346.276245 -156.810135 1.000000
sphere 469.917358 3.494759 373.048859 1.000000
sphere -487.980164 -202.665436 284.257019 1.000000
sphere -257.720459 383.534515 382.728912 1.000000
sphere 400.025909 -377.669800 239.467712 1.000000
sphere -403.603241 43.611744 441.817200 1.000000
sphere -317.511505 -340.537476 -378.445038 1.000000
sphere 375.658112 199.803375 -423.036133 1.000000
sphere -395.862427 -285.896179 348.649231 1.000000
sphere -460.211121 358.529846 -140.221420 1.000000
sphere -353.755768 -389.245667 288.694794 1.000000
sphere -517.251953 96.958542 288.182983 1.000000
sphere -210.336823 -538.424438 160.802917 1.000000
sphere 117.598564 382.147919 -447.362885 1.000000
sphere -406.758026 -333.418396 288.756104 1.000000
sphere -273.430328 351.651001 401.966919 1.000000
sphere 597.867371 -49.268425 11.275372 1.000000
sphere -247.503540 475.307251 269.861115 1.000000
sphere 587.368042 -55.659779 -109.090553 1.000000
sphere -352.124725 -450.659790 181.422028 1.000000
sphere -345.932648 422.578003 -248.512527 1.000000
sphere -199.549805 -293.381897 -483.845978 1.000000
sphere 227.465118 -230.588455 -505.062958 1.000000
sphere 548.950256 -175.544479 -166.846451 1.000000
sphere -113.522285 448.738068 -381.768005 1.000000
sphere 282.072327 474.713135 -234.697037 1.000000
sphere 426.315491 401.435455 -130.784821 1.000000
sphere 493.748627 289.745392 179.610474 1.000000
sphere -430.989471 -371.801636 189.767365 1.000000
sphere -364.766296 452.564484 -148.764725 1.000000
sphere -417.470612 269.798492 336.046234 1.000000
sphere 562.926208 136.923279 156.096451 1.000000
sphere 441.398071 397.758728 -83.401039 1.000000
sphere -130.216064 -537.715759 -232.175766 1.000000
sphere -174.430466 475.775879 321.265228 1.000000
sphere 362.980774 -314.048187 -360.025940 1.000000
sphere 503.562561 294.136536 141.097290 1.000000
sphere 124.926926 -408.660187 421.177032 1.000000
sphere 385.576141 443.246521 121.916161 1.000000
sphere 427.141724 -65.476845 -416.248444 1.000000
sphere 322.662476 -414.786072 -289.553894 1.000000
sphere 556.680786 179.617432 -133.581650 1.000000
sphere -348.260376 -448.691681 193.366226 1.000000
sphere -416.458130 401.171783 -160.074524 1.000000
sphere 417.320374 258.533569 344.969788 1.000000
sphere -359.483185 -479.965210 -20.130444 1.000000
sphere 535.892212 -162.299484 215.588623 1.000000
sphere 530.641113 6.986569 -279.948547 1.000000
sphere -349.173737 454.514221 177.466949 1.000000
sphere -257.279846 -533.815369 94.065300 1.000000
sphere 502.817444 -15.151402 -327.024536 1.000000
sphere 236.092880 530.545532 -150.935699 1.000000
sphere 138.584656 146.906555 564.989136 1.000000
sphere 365.738129 -415.572083 -231.377274 1.000000
sphere 522.729736 204.437943 212.034698 1.000000
sphere 462.664825 -221.501099 -311.253082 1.000000
sphere 431.640533 116.172340 -400.238007 1.000000
sphere -337.082611 -376.070007 -323.954620 1.000000
sphere 447.038116 375.852112 -137.448471 1.000000
sphere 447.518036 159.463028 -366.468506 1.000000
sphere -389.690491 -313.126526 -331.802917 1.000000
sphere 471.327789 -343.308136 141.384903 1.000000
sphere 281.540863 -217.263260 483.250854 1.000000
sphere 516.701721 241.859009 -185.805161 1.000000
sphere 366.260742 449.838043 -153.293365 1.000000
sphere 398.282745 -214.142288 -394.352600 1.000000
sphere 63.782543 452.056061 -389.329041 1.000000
sphere -438.673828 -192.219513 361.409760 1.000000
sphere 271.667511 243.409454 -476.391235 1.000000
sphere 161.922745 -480.156006 -321.296143 1.000000
sphere -318.217346 227.261734 455.071259 1.000000
sphere 324.160522 445.698914 237.218018 1.000000
sphere 370.152985 -448.267639 148.468506 1.000000
sphere -455.854553 14.948327 389.837372 1.000000
sphere 412.982483 330.033997 -283.765869 1.000000
sphere 249.910019 -336.169952 -429.575043 1.000000
sphere -128.368790 -501.305756 -303.667480 1.000000
sphere -323.526062 334.017914 -379.160858 1.000000
sphere 7.315903 -569.017517 -190.172409 1.000000
sphere -322.126587 -301.657074 -406.494171 1.000000
sphere 394.852112 356.860931 -277.023590 1.000000
sphere -291.366180 -473.866821 224.846527 1.000000
sphere 61.229073 118.316895 -585.023193 1.000000
sphere 216.555740 -439.816345 -345.926605 1.000000
sphere -599.945618 1.562413 7.925546 1.000000
sphere 345.885437 296.401917 -390.524200 1.000000
sphere -207.511871 263.913483 497.281097 1.000000
sphere -402.834564 -146.513733 -419.830963 1.000000
sphere 491.806580 -180.540985 292.457245 1.000000
sphere 171.994278 -543.479126 -187.212143 1.000000
sphere -500.961731 -148.012177 295.177490 1.000000
sphere 464.925598 -346.387115 -154.467163 1.000000
sphere -515.463623 -297.295807 -76.892426 1.000000
sphere 273.816254 -86.242432 -526.865112 1.000000
sphere -59.612831 442.670563 -400.610901 1.000000
sphere -130.444565 -429.353851 -398.295715 1.000000
sphere -458.191315 -387.340332 -5.310751 1.000000
sphere -108.758736 550.236511 -213.099365 1.000000
sphere -412.031219 -363.276337 -241.372299 1.000000
sphere -335.244659 -306.152496 392.277588 1.000000
sphere -372.617950 443.203400 157.247086 1.000000
sphere -444.662903 -293.343079 -276.088287 1.000000
sphere -305.879913 375.970032 -353.672180 1.000000
sphere -341.694580 -300.411194 -391.149475 1.000000
sphere 198.865143 -564.357910 44.190269 1.000000
sphere -303.482697 -488.926788 -169.849564 1.000000
sphere -416.616760 96.774780 420.791107 1.000000
sphere -558.638489 55.332859 -211.804840 1.000000
sphere 331.857819 -312.606140 390.061279 1.000000
sphere 171.958649 493.341614 295.032593 1.000000
sphere 492.557739 21.138374 -341.964935 1.000000
sphere -409.106445 -179.517654 -400.506348 1.000000
sphere 409.970459 438.069061 -4.437164 1.000000
sphere 94.842514 119.936256 -580.189819 1.000000
sphere -473.841248 261.914276 258.602692 1.000000
sphere -482.694733 -99.849426 -342.105103 1.000000
sphere 424.052002 401.797760 -136.888428 1.000000
sphere -231.639847 -249.996872 -493.806183 1.000000
sphere -226.724945 324.604736 -450.807709 1.000000
sphere 249.103256 542.857117 -57.041824 1.000000
sphere 580.990601 -144.175873 -40.783096 1.000000
sphere 204.088943 508.695953 -244.082275 1.000000
sphere -388.709229 -158.475388 428.708130 1.000000
sphere -200.759506 495.432007 -272.475250 1.000000
sphere -408.933685 -179.253723 400.800934 1.000000
sphere 407.809937 -281.956604 337.922424 1.000000
sphere -356.163788 381.210938 -296.353851 1.000000
sphere 358.790741 -478.603790 -46.985363 1.000000
sphere -107.288948 -466.369995 -361.922791 1.000000
sphere 203.218628 -564.052246 23.393501 1.000000
sphere 427.564941 241.575134 -344.716827 1.000000
sphere 209.086075 535.054749 173.203552 1.000000
sphere 267.696228 -2.645950 536.965271 1.000000
sphere -454.650208 -150.179672 -361.578918 1.000000
sphere 266.170685 -325.887360 -427.727295 1.000000
sphere 515.584167 -28.438515 305.555573 1.000000
sphere -239.103699 -494.908508 -240.613617 1.000000
sphere 478.159760 -129.591568 338.480835 1.000000
sphere 516.325195 -281.669250 -118.620186 1.000000
sphere 86.871574 -63.106861 -590.314209 1.000000
sphere 129.993713 290.353241 -508.720642 1.000000
sphere -177.359039 563.731262 103.686188 1.000000
sphere 25.977875 593.821533 81.860443 1.000000
sphere 551.498779 -67.967285 -226.339355 1.000000
sphere -161.923660 289.639313 -499.889832 1.000000
sphere 340.986633 -217.885010 -443.005951 1.000000
sphere -346.347168 -488.228668 40.943752 1.000000
sphere 585.747742 -91.234077 -92.606316 1.000000
sphere -351.369812 357.975128 -329.231049 1.000000
sphere -363.884613 357.847992 -315.488190 1.000000
sphere 205.156113 544.001099 -148.235703 1.000000
sphere -234.658737 453.846527 314.576843 1.000000
sphere -132.739014 436.157928 -390.059753 1.000000
sphere -48.623363 -459.473846 -382.778778 1.000000
sphere -181.208237 563.613098 -97.487556 1.000000
sphere 441.813568 -205.399017 -350.159912 1.000000
sphere -99.656860 540.094299 241.591888 1.000000
sphere -170.472015 -273.699432 505.992004 1.000000
sphere -124.310707 -375.133179 451.466431 1.000000
sphere -439.662445 324.842590 -247.334290 1.000000
sphere 313.846161 456.321991 230.804642 1.000000
sphere 202.675522 298.539337 -479.371338 1.000000
sphere 544.130615 221.580154 -121.754326 1.000000
sphere 118.692139 145.041977 569.978088 1.000000
sphere -577.969849 -36.794014 -156.834442 1.000000
sphere -340.589294 413.588287 -270.080841 1.000000
sphere 420.747406 335.718597 265.074860 1.000000
sphere -493.111725 290.058838 180.849854 1.000000
sphere -445.487122 208.688232 -343.497406 1.000000
sphere 315.372162 -489.923492 143.231857 1.000000
sphere -61.868431 65.133575 -593.236816 1.000000
sphere 293.723206 400.156799 -337.047791 1.000000
sphere -367.531311 -472.136536 -44.809540 1.000000
sphere -488.060638 -325.243927 126.543335 1.000000
sphere 160.439880 -570.615662 93.041725 1.000000
sphere 82.309395 240.965561 543.286987 1.000000
sphere -206.574982 -488.799683 -280.002899 1.000000
sphere 187.578476 569.924866 -0.023221 1.000000
sphere 464.695740 -250.269135 285.347565 1.000000
sphere -9.411999 231.162888 -553.601990 1.000000
sphere 410.668762 23.628799 -436.798462 1.000000
sphere -514.755615 228.628067 206.774796 1.000000
sphere 534.267334 -118.632019 -245.936676 1.000000
sphere 302.861206 -377.434326 -354.708954 1.000000
sphere 485.771179 -335.541962 106.948425 1.000000
sphere -461.783997 -238.874115 299.490692 1.000000
sphere -10.586836 -576.274109 -166.721497 1.000000
sphere -336.202301 -494.710236 47.220570 1.000000
sphere -485.900238 -321.293976 -143.774628 1.000000
sphere -358.317688 -477.731262 -58.148773 1.000000
sphere -560.386108 -211.376007 -35.882607 1.000000
sphere -322.072296 480.767731 158.530258 1.000000
sphere -469.676697 -306.834198 212.736008 1.000000
sphere -370.664642 262.469391 -392.068298 1.000000
sphere 279.162750 -364.741486 386.046417 1.000000
sphere 482.498016 339.632965 108.835220 1.000000
sphere -397.750610 242.444061 -378.173615 1.000000
sphere -520.081116 -30.328470 297.650513 1.000000
sphere -499.164215 -308.731445 124.579102 1.000000
sphere 452.163696 -390.763794 -53.400249 1.000000
sphere 464.223358 346.276245 -156.810135 1.000000
sphere 469.917358 3.494759 373.048859 1.000000
sphere -487.980164 -202.665436 284.257019 1.000000
sphere -257.720459 383.534515 382.728912 1.000000
sphere 400.025909 -377.669800 239.467712 1.000000
sphere -403.603241 43.611744 441.817200 1.000000
sphere -317.511505 -340.537476 -378.445038 1.000000
sphere 375.658112 199.803375 -423.036133 1.000000
sphere -395.862427 -285.896179 348.649231 1.000000
sphere -460.211121 358.529846 -140.221420 1.000000
sphere -353.755768 -389.245667 288.694794 1.000000
sphere -517.251953 96.958542 288.182983 1.000000
sphere -210.336823 -538.424438 160.802917 1.000000
sphere 117.598564 382.147919 -447.362885 1.000000
sphere -406.758026 -333.418396 288.756104 1.000000
sphere -273.430328 351.651001 401.966919 1.000000
sphere 597.867371 -49.268425 11.275372 1.000000
sphere -247.503540 475.307251 269.861115 1.000000
sphere 587.368042 -55.659779 -109.090553 1.000000
sphere -352.124725 -450.659790 181.422028 1.000000
sphere -345.932648 422.578003 -248.512527 1.000000
sphere -199.549805 -293.381897 -483.845978 1.000000
sphere 227.465118 -230.588455 -505.062958 1.000000
sphere 548.950256 -175.544479 -166.846451 1.000000
sphere -113.522285 448.738068 -381.768005 1.000000
sphere 282.072327 474.713135 -234.697037 1.000000
sphere 426.315491 401.435455 -130.784821 1.000000
sphere 493.748627 289.745392 179.610474 1.000000
sphere -430.989471 -371.801636 189.767365 1.000000
sphere -364.766296 452.564484 -148.764725 1.000000
sphere -417.470612 269.798492 336.046234 1.000000
sphere 562.926208 136.923279 156.096451 1.000000
sphere 441.398071 397.758728 -83.401039 1.000000
sphere -130.216064 -537.715759 -232.175766 1.000000
sphere -174.430466 475.775879 321.265228 1.000000
sphere 362.980774 -314.048187 -360.025940 1.000000
sphere 503.562561 294.136536 141.097290 1.000000
sphere 124.926926 -408.660187 421.177032 1.000000
sphere 385.576141 443.246521 121.916161 1.000000
sphere 427.141724 -65.476845 -416.248444 1.000000
sphere 322.662476 -414.786072 -289.553894 1.000000
sphere 556.680786 179.617432 -133.581650 1.000000
sphere -348.260376 -448.691681 193.366226 1.000000
sphere -416.458130 401.171783 -160.074524 1.000000
sphere 417.320374 258.533569 344.969788 1.000000
sphere -359.483185 -479.965210 -20.130444 1.000000
sphere 535.892212 -162.299484 215.588623 1.000000
sphere 530.641113 6.986569 -279.948547 1.000000
sphere -349.173737 454.514221 177.466949 1.000000
sphere -257.279846 -533.815369 94.065300 1.000000
sphere 502.817444 -15.151402 -327.024536 1.000000
sphere 236.092880 530.545532 -150.935699 1.000000
sphere 138.584656 146.906555 564.989136 1.000000
sphere 365.738129 -415.572083 -231.377274 1.000000
sphere 522.729736 204.437943 212.034698 1.000000
sphere 462.664825 -221.501099 -311.253082 1.000000
sphere 431.640533 116.172340 -400.238007 1.000000
sphere -337.082611 -376.070007 -323.954620 1.000000
sphere 447.038116 375.852112 -137.448471 1.000000
sphere 447.518036 159.463028 -366.468506 1.000000
sphere -389.690491 -313.126526 -331.802917 1.000000
sphere 471.327789 -343.308136 141.384903 1.000000
sphere 281.540863 -217.263260 483.250854 1.000000
sphere 516.701721 241.859009 -185.805161 1.000000
sphere 366.260742 449.838043 -153.293365 1.000000
sphere 398.282745 -214.142288 -394.352600 1.000000
sphere 63.782543 452.056061 -389.329041 1.000000
sphere -438.673828 -192.219513 361.409760 1.000000
sphere 271.667511 243.409454 -476.391235 1.000000
sphere 161.922745 -480.156006 -321.296143 1.000000
sphere -318.217346 227.261734 455.071259 1.000000
sphere 324.160522 445.698914 237.218018 1.000000
sphere 370.152985 -448.267639 148.468506 1.000000
sphere -455.854553 14.948327 389.837372 1.000000
sphere 412.982483 330.033997 -283.765869 1.000000
sphere 249.910019 -336.169952 -429.575043 1.000000
sphere -128.368790 -501.305756 -303.667480 1.000000
sphere -323.526062 334.017914 -379.160858 1.000000
sphere 7.315903 -569.017517 -190.172409 1.000000
sphere -322.126587 -301.657074 -406.494171 1.000000
sphere 394.852112 356.860931 -277.023590 1.000000
sphere -291.366180 -473.866821 224.846527 1.000000
sphere 61.229073 118.316895 -585.023193 1.000000
sphere 216.555740 -439.816345 -345.926605 1.000000
sphere -599.945618 1.562413 7.925546 1.000000
sphere 345.885437 296.401917 -390.524200 1.000000
sphere -207.511871 263.913483 497.281097 1.000000
sphere -402.834564 -146.513733 -419.830963 1.000000
sphere 491.806580 -180.540985 292.457245 1.000000
sphere 171.994278 -543.479126 -187.212143 1.000000
sphere -500.961731 -148.012177 295.177490 1.000000
sphere 464.925598 -346.387115 -154.467163 1.000000
sphere -515.463623 -297.295807 -76.892426 1.000000
sphere 273.816254 -86.242432 -526.865112 1.000000
sphere -59.612831 442.670563 -400.610901 1.000000
sphere -130.444565 -429.353851 -398.295715 1.000000
sphere -458.191315 -387.340332 -5.310751 1.000000
sphere -108.758736 550.236511 -213.099365 1.000000
sphere -412.031219 -363.276337 -241.372299 1.000000
sphere -335.244659 -306.152496 392.277588 1.000000
sphere -372.617950 443.203400 157.247086 1.000000
sphere -444.662903 -293.343079 -276.088287 1.000000
sphere -305.879913 375.970032 -353.672180 1.000000
sphere -341.694580 -300.411194 -391.149475 1.000000
sphere 198.865143 -564.357910 44.190269 1.000000
sphere -303.482697 -488.926788 -169.849564 1.000000
sphere -416.616760 96.774780 420.791107 1.000000
sphere -558.638489 55.332859 -211.804840 1.000000
sphere 331.857819 -312.606140 390.061279 1.000000
sphere 171.958649 493.341614 295.032593 1.000000
sphere 492.557739 21.138374 -341.964935 1.000000
sphere -409.106445 -179.517654 -400.506348 1.000000
sphere 409.970459 438.069061 -4.437164 1.000000
sphere 94.842514 119.936256 -580.189819 1.000000
sphere -473.841248 261.914276 258.602692 1.000000
sphere -482.694733 -99.849426 -342.105103 1.000000
sphere 424.052002 401.797760 -136.888428 1.000000
sphere -231.639847 -249.996872 -493.806183 1.000000
sphere -226.724945 324.604736 -450.807709 1.000000
sphere 249.103256 542.857117 -57.041824 1.000000
sphere 580.990601 -144.175873 -40.783096 1.000000
sphere 204.088943 508.695953 -244.082275 1.000000
sphere -388.709229 -158.475388 428.708130 1.000000
