v -0.276000 0.304000 0.000000 0.000000 0.000000 0.000000
v -0.316000 0.332000 0.000000 0.000000 0.000000 0.000000
v -0.276000 0.364000 0.000000 0.000000 0.000000 0.000000
v -0.276000 0.364000 0.000000 0.000000 0.000000 0.000000
v -0.224000 0.336000 0.000000 0.000000 0.000000 0.000000
v -0.276000 0.304000 0.000000 0.000000 0.000000 0.000000
v -0.224000 0.336000 0.000000 0.000000 0.000000 0.000000
v -0.220000 0.292000 0.000000 0.000000 0.000000 0.000000
v -0.276000 0.304000 0.000000 0.000000 0.000000 0.000000
v -0.220000 0.292000 0.000000 0.000000 0.000000 0.000000
v -0.248000 0.260000 0.000000 0.000000 0.000000 0.000000
v -0.276000 0.304000 0.000000 0.000000 0.000000 0.000000
v -0.248000 0.260000 0.000000 0.000000 0.000000 0.000000
v -0.308000 0.252000 0.000000 0.000000 0.000000 0.000000
v -0.276000 0.304000 0.000000 0.000000 0.000000 0.000000
v -0.308000 0.252000 0.000000 0.000000 0.000000 0.000000
v -0.316000 0.332000 0.000000 0.000000 0.000000 0.000000
v -0.276000 0.304000 0.000000 0.000000 0.000000 0.000000
v -0.368000 0.532000 0.000000 0.200000 0.098039 0.000000
v -0.220000 0.540000 0.000000 0.200000 0.098039 0.000000
v -0.276000 0.364000 0.000000 0.200000 0.098039 0.000000
v -0.220000 0.540000 0.000000 0.200000 0.098039 0.000000
v -0.224000 0.336000 0.000000 0.200000 0.098039 0.000000
v -0.276000 0.364000 0.000000 0.200000 0.098039 0.000000
v -0.224000 0.336000 0.000000 0.200000 0.098039 0.000000
v -0.220000 0.540000 0.000000 0.200000 0.098039 0.000000
v -0.060000 0.408000 0.000000 0.200000 0.098039 0.000000
v -0.224000 0.336000 0.000000 0.200000 0.098039 0.000000
v -0.220000 0.292000 0.000000 0.200000 0.098039 0.000000
v -0.060000 0.408000 0.000000 0.200000 0.098039 0.000000
v -0.060000 0.408000 0.000000 0.200000 0.098039 0.000000
v -0.068000 0.248000 0.000000 0.200000 0.098039 0.000000
v -0.220000 0.292000 0.000000 0.200000 0.098039 0.000000
v -0.220000 0.292000 0.000000 0.200000 0.098039 0.000000
v -0.248000 0.260000 0.000000 0.200000 0.098039 0.000000
v -0.068000 0.248000 0.000000 0.200000 0.098039 0.000000
v -0.068000 0.248000 0.000000 0.200000 0.098039 0.000000
v -0.228000 0.136000 0.000000 0.200000 0.098039 0.000000
v -0.248000 0.260000 0.000000 0.200000 0.098039 0.000000
v -0.228000 0.136000 0.000000 0.200000 0.098039 0.000000
v -0.308000 0.252000 0.000000 0.200000 0.098039 0.000000
v -0.248000 0.260000 0.000000 0.200000 0.098039 0.000000
v -0.228000 0.136000 0.000000 0.200000 0.098039 0.000000
v -0.408000 0.164000 0.000000 0.200000 0.098039 0.000000
v -0.308000 0.252000 0.000000 0.200000 0.098039 0.000000
v -0.408000 0.164000 0.000000 0.200000 0.098039 0.000000
v -0.316000 0.332000 0.000000 0.200000 0.098039 0.000000
v -0.308000 0.252000 0.000000 0.200000 0.098039 0.000000
v -0.408000 0.164000 0.000000 0.200000 0.098039 0.000000
v -0.448000 0.340000 0.000000 0.200000 0.098039 0.000000
v -0.316000 0.332000 0.000000 0.200000 0.098039 0.000000
v -0.448000 0.340000 0.000000 0.200000 0.098039 0.000000
v -0.368000 0.532000 0.000000 0.200000 0.098039 0.000000
v -0.428000 0.244000 0.000000 0.952941 0.894118 0.349020
v -0.624000 0.048000 0.000000 0.952941 0.894118 0.349020
v -0.408000 0.164000 0.000000 0.952941 0.894118 0.349020
v -0.068000 0.248000 0.000000 0.200000 0.098039 0.000000
v 0.248000 0.252000 0.000000 0.200000 0.098039 0.000000
v -0.060000 0.408000 0.000000 0.200000 0.098039 0.000000
v -0.060000 0.408000 0.000000 0.200000 0.098039 0.000000
v 0.132000 0.460000 0.000000 0.200000 0.098039 0.000000
v 0.248000 0.252000 0.000000 0.200000 0.098039 0.000000
v 0.132000 0.460000 0.000000 0.200000 0.098039 0.000000
v 0.364000 0.464000 0.000000 0.200000 0.098039 0.000000
v 0.248000 0.252000 0.000000 0.200000 0.098039 0.000000
v 0.364000 0.464000 0.000000 0.200000 0.098039 0.000000
v 0.560000 0.376000 0.000000 0.200000 0.098039 0.000000
v 0.248000 0.252000 0.000000 0.200000 0.098039 0.000000
v 0.560000 0.376000 0.000000 0.200000 0.098039 0.000000
v 0.648000 0.204000 0.000000 0.200000 0.098039 0.000000
v 0.248000 0.252000 0.000000 0.200000 0.098039 0.000000
v 0.648000 0.204000 0.000000 0.200000 0.098039 0.000000
v 0.556000 -0.024000 0.000000 0.200000 0.098039 0.000000
v 0.248000 0.252000 0.000000 0.200000 0.098039 0.000000
v 0.556000 -0.024000 0.000000 0.200000 0.098039 0.000000
v 0.404000 -0.076000 0.000000 0.200000 0.098039 0.000000
v 0.248000 0.252000 0.000000 0.200000 0.098039 0.000000
v 0.404000 -0.076000 0.000000 0.200000 0.098039 0.000000
v 0.228000 -0.072000 0.000000 0.200000 0.098039 0.000000
v 0.248000 0.252000 0.000000 0.200000 0.098039 0.000000
v 0.228000 -0.072000 0.000000 0.200000 0.098039 0.000000
v 0.060000 -0.000000 0.000000 0.200000 0.098039 0.000000
v 0.248000 0.252000 0.000000 0.200000 0.098039 0.000000
v 0.060000 -0.000000 0.000000 0.200000 0.098039 0.000000
v -0.056000 0.128000 0.000000 0.200000 0.098039 0.000000
v 0.248000 0.252000 0.000000 0.200000 0.098039 0.000000
v -0.056000 0.128000 0.000000 0.200000 0.098039 0.000000
v -0.068000 0.248000 0.000000 0.200000 0.098039 0.000000
v 0.248000 0.252000 0.000000 0.200000 0.098039 0.000000
v 0.228000 -0.072000 0.000000 0.952941 0.894118 0.349020
v 0.136000 -0.300000 0.000000 0.952941 0.894118 0.349020
v 0.404000 -0.076000 0.000000 0.952941 0.894118 0.349020
v 0.136000 -0.300000 0.000000 0.952941 0.894118 0.349020
v 0.288000 -0.324000 0.000000 0.952941 0.894118 0.349020
v 0.404000 -0.076000 0.000000 0.952941 0.894118 0.349020
v 0.460000 -0.060000 0.000000 0.952941 0.894118 0.349020
v 0.536000 -0.320000 0.000000 0.952941 0.894118 0.349020
v 0.556000 -0.024000 0.000000 0.952941 0.894118 0.349020
v 0.536000 -0.320000 0.000000 0.952941 0.894118 0.349020
v 0.648000 -0.288000 0.000000 0.952941 0.894118 0.349020
v 0.556000 -0.024000 0.000000 0.952941 0.894118 0.349020
